PROTEINS
3 0.12022456324583129
4 0.1935699770478449
5 0.27001005725215577
6 0.3442070420620373
max 0.1935699770478449
NCI109
3 0.1534924218363641
4 0.24078899716705948
5 0.32789641277553705
6 0.41141895887048985
max 0.1534924218363641
NCI1
3 0.16313677314759456
4 0.25436770438940665
5 0.3444575326012921
6 0.4306024706887314
max 0.16313677314759456
DD
3 0.03601455291696183
4 0.06561190643676656
5 0.10509755752814792
6 0.15450515576063747
max 0.2740987631043429
REDDIT-BINARY
3 0.3250651639007971
4 0.5166725508764435
5 0.6768535991087453
6 0.7788422409244182
max 0.005038898680350904
REDDIT-MULTI-5K
3 0.23094902120740995
4 0.41229204800709174
5 0.6145212398908036
6 0.7764166225659617
max 0.004195034266460839